Matrix Original: 
[4 2 2 1] 
[ 2 -3  1  1] 
[2 1 3 1] 
[1 1 1 2]

Matrix Triangular: 
[ 4. -3. -0. -0.] [-3.      2.      3.1623  0.    ] [-0.      3.1623 -1.4    -0.2   ] [-0.   0.  -0.2  1.4]

Matrix de Householder: 
[ 1.  0.  0.  0.] 
[ 0.     -0.6667  0.7379  0.1054] 
[ 0.     -0.6667 -0.527  -0.527 ] 
[ 0.     -0.3333 -0.4216  0.8433]